#EXAMPLE:
#
#[19#1]
#35 0 35
#0 35 0
#35 0 35

[5#4]
17

[22#1]
351:4 351:4 351:4
351:4 351:4 351:4
351:4 351:4 351:4

[23#1]
4  4  4
4 261 4
4 331 4

[24#1]
12 12
12 12

[25#1]
5  5  5
5 331 5
5  5  5

[27#1]
266  0  266
266 280 266
266 331 266

[29#1]
341
33

[33#1]
5  5  5
4 265 4
4 331 4

[35:0#1]
287 287 287
287 287 287
287 287 287

[41#1]
266 266 266
266 266 266
266 266 266

[42#1]
265 265 265
265 265 265
265 265 265

[44:0#3]
1 1 1

[44:1#3]
24 24 24

[44:2#3]
5 5 5

[44:3#3
4 4 4

[45#1]
336 366
336 336

[47#1]
5    5   5
340 340 340
5    5   5

[50#4]
263
280

[53#4]
5 0 0
5 5 0
5 5 5

[54#1]
5 5 5
5 0 5
5 5 5

[57#1]
264 264 264
264 264 264
264 264 264

[58#1]
5 5
5 5

[61#1]
4 4 4
4 0 4
4 4 4

[65#2]
280  0  280
280 280 280
280  0  280

[66#16]
265  0  265
265 280 265
265  0  265

[67#4]
4 0 0
4 4 0
4 4 4

[69#1]
280
4

[70#1]
1 1

[72#1]
5 5

[76#4]
331
280

[77#1]
1
1

[80#1]
332 332
332 332

[84#1]
5  5  5
5 264 5
5  5  5

[85#2]
280 280 280
280 280 280

[89#1]
348 348
348 348

[91#1]
86
50

[96#2]
5 5 5
5 5 5